"TOA5","CR1000-BEASToffice","CR1000","68038","CR1000.Std.29","CPU:Rutgers_BEAST_v1.CR1","28642","AVG_DATA"
"TIMESTAMP","RECORD","HYGRO_OUT_Avg(1)","HYGRO_OUT_Avg(2)","HYGRO_OUT_Avg(3)","HYGRO_OUT_Avg(4)","HYGRO_OUT_Avg(5)","HYGRO_OUT_Avg(6)","HYGRO_OUT_Max(1)","HYGRO_OUT_Max(2)","HYGRO_OUT_Max(3)","HYGRO_OUT_Max(4)","HYGRO_OUT_Max(5)","HYGRO_OUT_Max(6)","HYGRO_OUT_Min(1)","HYGRO_OUT_Min(2)","HYGRO_OUT_Min(3)","HYGRO_OUT_Min(4)","HYGRO_OUT_Min(5)","HYGRO_OUT_Min(6)","RH_OUT_Avg(1)","RH_OUT_Avg(2)","RH_OUT_Avg(3)","RH_OUT_Avg(4)","RH_OUT_Avg(5)","RH_OUT_Avg(6)","RH_OUT_Max(1)","RH_OUT_Max(2)","RH_OUT_Max(3)","RH_OUT_Max(4)","RH_OUT_Max(5)","RH_OUT_Max(6)","RH_OUT_Min(1)","RH_OUT_Min(2)","RH_OUT_Min(3)","RH_OUT_Min(4)","RH_OUT_Min(5)","RH_OUT_Min(6)","Temp_Avg(1)","Temp_Avg(2)","Temp_Avg(3)","Temp_Avg(4)","Temp_Avg(5)","Temp_Avg(6)","Temp_Max(1)","Temp_Max(2)","Temp_Max(3)","Temp_Max(4)","Temp_Max(5)","Temp_Max(6)","Temp_Min(1)","Temp_Min(2)","Temp_Min(3)","Temp_Min(4)","Temp_Min(5)","Temp_Min(6)"
"TS","RN","","","","","","","","","","","","","","","","","","","","","","","","","","","","","","","","","","","","","","","","","","","","","","","","","","","","","",""
"","","Avg","Avg","Avg","Avg","Avg","Avg","Max","Max","Max","Max","Max","Max","Min","Min","Min","Min","Min","Min","Avg","Avg","Avg","Avg","Avg","Avg","Max","Max","Max","Max","Max","Max","Min","Min","Min","Min","Min","Min","Avg","Avg","Avg","Avg","Avg","Avg","Max","Max","Max","Max","Max","Max","Min","Min","Min","Min","Min","Min"
"2019-07-02 11:55:00",0,15.47416,15.70314,15.81786,14.89052,14.92003,14.94969,15.47471,15.70344,15.81855,14.89118,14.92083,14.95216,15.4736,15.70284,15.81718,14.88987,14.91923,14.94722,72.17412,73.1814,73.67889,69.52221,69.65913,69.79648,72.17659,73.18272,73.68185,69.52525,69.66286,69.80792,72.17165,73.18009,73.67593,69.51917,69.65541,69.78504,102,102.8,96.7,95.3,91.1,89.5,102,102.8,96.7,95.3,91.1,89.5,102,102.8,96.7,95.3,91.1,89.5
"2019-07-02 11:56:00",1,15.48039,15.70839,15.81667,14.90276,14.892,14.95874,15.4836,15.71124,15.81894,14.92059,14.91762,14.96549,15.47582,15.70604,15.81505,14.89414,14.86088,14.95516,72.20178,73.20429,73.67374,69.57902,69.52898,69.83831,72.21604,73.21669,73.68354,69.66174,69.64799,69.86954,72.18153,73.19404,73.66675,69.53901,69.38433,69.82178,102,102.8,96.9,95.2,91.1,89.6,102,102.8,97.1,95.3,91.1,89.6,102,102.8,96.8,95.1,91.1,89.5
"2019-07-02 11:57:00",2,15.48765,15.71096,15.81855,14.93283,14.89524,14.96709,15.49082,15.7154,15.81941,14.93803,14.92086,14.9704,15.4832,15.70648,15.81747,14.92925,14.85433,14.96193,72.234,73.21548,73.68184,69.71845,69.54404,69.87689,72.2481,73.23478,73.68557,69.74251,69.66299,69.89222,72.21427,73.19595,73.67719,69.70188,69.35383,69.85308,102.1,102.9,97.2,95.1,91.1,89.6,102.1,102.9,97.3,95.1,91.1,89.6,102,102.8,97.1,95,91.1,89.6
"2019-07-02 11:58:00",3,15.49874,15.72167,15.81774,14.95238,14.93447,14.9615,15.50739,15.73296,15.82093,14.96506,14.95123,14.96433,15.49304,15.71176,15.81628,14.94081,14.92407,14.95613,72.28317,73.26209,73.67837,69.80889,69.72602,69.85107,72.32149,73.3112,73.69212,69.86753,69.80362,69.86417,72.2579,73.21896,73.67207,69.75538,69.67788,69.82626,102.1,102.9,97.5,95,91.1,89.6,102.1,102.9,97.6,95,91.1,89.7,102.1,102.9,97.4,94.9,91.1,89.6
"2019-07-02 11:59:00",4,15.5147,15.7328,15.81778,14.9812,14.93417,14.96301,15.52055,15.73552,15.82146,14.99121,14.95123,14.96728,15.50849,15.73121,15.81383,14.9738,14.9144,14.95464,72.35387,73.31049,73.6785,69.94205,69.7246,69.85803,72.37975,73.32231,73.6944,69.98827,69.80362,69.8778,72.32637,73.3036,73.66147,69.90794,69.63306,69.81938,102.1,103,97.8,94.9,91.1,89.7,102.1,103,98,94.9,91.1,89.7,102.1,103,97.7,94.8,91.1,89.7
"2019-07-02 12:00:00",5,15.52823,15.73238,15.817,14.97986,14.92787,14.97257,15.53591,15.73696,15.82039,14.98495,14.94038,14.97751,15.52055,15.72861,15.81443,14.97253,14.9168,14.9637,72.4137,73.30865,73.67515,69.93585,69.69547,69.90222,72.44763,73.32856,73.68977,69.95936,69.7534,69.92506,72.37975,73.29226,73.66408,69.90205,69.64414,69.86124,102.1,103,98.1,94.8,91.2,89.7,102.1,103,98.2,94.8,91.2,89.7,102.1,103,97.9,94.7,91.1,89.7
"2019-07-02 12:01:00",6,15.54237,15.7424,15.81635,14.99279,14.94213,14.9593,15.54681,15.74716,15.81872,14.99869,14.94632,14.96327,15.53809,15.73744,15.8146,14.98374,14.93833,14.95519,72.4762,73.35221,73.67237,69.99551,69.7615,69.84094,72.4958,73.37285,73.68257,70.02271,69.7809,69.85927,72.4573,73.33067,73.66479,69.95379,69.74391,69.82192,102.1,103.1,98.4,94.7,91.2,89.7,102.1,103.1,98.5,94.7,91.2,89.8,102.1,103.1,98.3,94.6,91.2,89.7
"2019-07-02 12:02:00",7,15.54653,15.7515,15.8139,15.01301,14.93832,14.97492,15.55158,15.75584,15.81619,15.02219,14.95106,14.98411,15.53957,15.74661,15.81235,15.00478,14.92555,14.96337,72.49456,73.3917,73.6618,70.08865,69.74385,69.91308,72.51687,73.41054,73.67168,70.13088,69.80281,69.95548,72.4638,73.37048,73.6551,70.05079,69.68473,69.85971,102.2,103.1,98.7,94.6,91.2,89.8,102.2,103.1,98.8,94.6,91.2,89.8,102.1,103.1,98.6,94.6,91.2,89.8
"2019-07-02 12:03:00",8,15.55383,15.75713,15.81133,15.03909,14.93252,14.9869,15.5582,15.75958,15.81292,15.04882,14.94956,14.99111,15.55158,15.75426,15.8087,15.02219,14.90476,14.983,72.52677,73.41615,73.65069,70.20858,69.71696,69.96834,72.54604,73.42676,73.65755,70.2533,69.79588,69.98775,72.51687,73.40369,73.63934,70.13088,69.58833,69.95036,102.2,103.1,99,94.6,91.2,89.8,102.2,103.2,99.1,94.6,91.2,89.8,102.2,103.1,98.8,94.5,91.2,89.8
"2019-07-02 12:04:00",9,15.56146,15.76311,15.80891,15.05385,14.92829,14.98472,15.56472,15.76551,15.81169,15.05812,14.93682,14.98957,15.55929,15.76142,15.80604,15.04808,14.90959,14.97737,72.5604,73.44206,73.64025,70.27638,69.69741,69.95831,72.57477,73.45248,73.65224,70.29597,69.73693,69.98067,72.55083,73.43473,73.62784,70.24989,69.61074,69.92437,102.2,103.2,99.3,94.6,91.2,89.8,102.2,103.2,99.4,94.6,91.2,89.9,102.2,103.2,99.2,94.6,91.2,89.8
"2019-07-02 12:05:00",10,15.57155,15.76741,15.80839,15.05439,14.93976,14.98454,15.57661,15.77149,15.81029,15.05746,14.94714,14.99276,15.56793,15.76231,15.80602,15.05248,14.9304,14.97709,72.60487,73.4607,73.63799,70.27887,69.75054,69.95748,72.62713,73.47837,73.64619,70.29298,69.78467,69.9954,72.58894,73.4386,73.62775,70.27011,69.70719,69.92308,102.2,103.2,99.6,94.6,91.2,89.9,102.2,103.2,99.7,94.6,91.2,89.9,102.2,103.2,99.4,94.6,91.2,89.9
"2019-07-02 12:06:00",11,15.584,15.76868,15.80697,15.06061,14.91865,14.97708,15.5885,15.77353,15.80888,15.06485,14.94513,14.98186,15.57985,15.76481,15.80475,15.05691,14.90107,14.97265,72.65968,73.4662,73.63187,70.3074,69.65269,69.92306,72.67948,73.4872,73.64009,70.32687,69.77536,69.94509,72.64144,73.44944,73.62229,70.29043,69.57119,69.9026,102.2,103.2,99.8,94.6,91.3,90,102.2,103.3,100,94.7,91.3,90,102.2,103.2,99.7,94.6,91.2,89.9
"2019-07-02 12:07:00",12,15.59161,15.76314,15.80441,15.06718,14.89443,14.96791,15.59499,15.76638,15.80621,15.07152,14.91268,14.97628,15.58847,15.76093,15.80175,15.0644,14.87558,14.95561,72.69319,73.44217,73.62078,70.33756,69.54033,69.88071,72.70802,73.45624,73.62858,70.35743,69.62508,69.91935,72.67934,73.43259,73.60934,70.32478,69.45274,69.82384,102.2,103.3,100.1,94.7,91.3,90,102.3,103.3,100.2,94.7,91.3,90,102.2,103.3,100,94.7,91.3,90
"2019-07-02 12:08:00",13,15.59919,15.76903,15.80397,15.07909,14.92601,14.96863,15.60383,15.77022,15.80534,15.09094,14.93188,14.97789,15.59417,15.76615,15.80227,15.0701,14.91589,14.9585,72.72648,73.46772,73.6189,70.39211,69.68687,69.88404,72.74688,73.47289,73.62479,70.44637,69.71403,69.92679,72.70444,73.45523,73.61157,70.35091,69.63993,69.83722,102.3,103.3,100.3,94.7,91.3,90,102.3,103.3,100.4,94.7,91.3,90.1,102.3,103.3,100.2,94.7,91.3,90
"2019-07-02 12:09:00",14,15.60865,15.77547,15.80327,15.09066,14.91712,14.97499,15.61134,15.77846,15.80561,15.09441,14.92823,14.97996,15.60383,15.77325,15.80157,15.08734,14.91105,14.96661,72.76808,73.49563,73.61587,70.44509,69.64564,69.91339,72.77986,73.50857,73.62599,70.46225,69.69716,69.93637,72.74688,73.48601,73.60854,70.42989,69.61749,69.8747,102.3,103.3,100.5,94.7,91.3,90.1,102.3,103.3,100.6,94.7,91.3,90.1,102.3,103.3,100.4,94.7,91.3,90.1
"2019-07-02 12:10:00",15,15.61544,15.76894,15.80093,15.09272,14.93385,14.97729,15.62096,15.77166,15.80518,15.0967,14.94604,14.98923,15.61134,15.76554,15.79367,15.08806,14.92377,14.95816,72.79785,73.46735,73.60575,70.4545,69.72318,69.924,72.82209,73.47914,73.62411,70.47273,69.77961,69.97908,72.77986,73.4526,73.57439,70.43319,69.6765,69.83564,102.3,103.4,100.7,94.7,91.4,90.1,102.3,103.4,100.8,94.8,91.4,90.2,102.3,103.4,100.7,94.7,91.4,90.1
"2019-07-02 12:11:00",16,15.62356,15.76814,15.79497,15.10024,14.93384,14.99258,15.62598,15.77717,15.79938,15.10738,14.93809,14.99608,15.62096,15.76191,15.7917,15.09319,14.92375,14.98963,72.8335,73.46384,73.58002,70.48892,69.72314,69.99455,72.84412,73.50298,73.59905,70.52153,69.74278,70.01067,72.82209,73.43687,73.56586,70.45664,69.6764,69.98098,102.3,103.4,101,94.8,91.4,90.2,102.4,103.4,101.1,94.8,91.4,90.2,102.3,103.3,100.9,94.8,91.4,90.2
"2019-07-02 12:12:00",17,15.63007,15.78041,15.79373,15.09613,14.91849,14.99157,15.63397,15.78225,15.79856,15.10799,14.92695,14.99643,15.62653,15.7785,15.79039,15.08987,14.91093,14.98763,72.86206,73.51702,73.57462,70.47012,69.65199,69.98989,72.87914,73.52496,73.59552,70.52435,69.69118,70.01228,72.84653,73.50872,73.56018,70.44147,69.61694,69.97174,102.4,103.4,101.1,94.8,91.4,90.2,102.4,103.4,101.2,94.9,91.4,90.3,102.4,103.4,101,94.8,91.4,90.2
"2019-07-02 12:13:00",18,15.63787,15.78162,15.7897,15.10111,14.90658,14.98976,15.64248,15.78456,15.79201,15.10923,14.91885,14.99202,15.63397,15.77805,15.78585,15.08935,14.89322,14.98043,72.89625,73.52224,73.55723,70.4929,69.59676,69.98154,72.91644,73.53499,73.56718,70.53,69.65366,69.99197,72.87914,73.50677,73.54057,70.43906,69.53474,69.93851,102.4,103.4,101.3,94.9,91.4,90.3,102.4,103.5,101.4,94.9,91.4,90.3,102.4,103.4,101.2,94.8,91.4,90.3
"2019-07-02 12:14:00",19,15.64867,15.7864,15.78701,15.10535,14.89359,14.99234,15.65309,15.79033,15.79029,15.11212,14.91086,14.99882,15.64461,15.78311,15.78306,15.09868,14.88232,14.9884,72.94354,73.54295,73.54558,70.51225,69.53643,69.99343,72.96288,73.55991,73.55975,70.54321,69.61663,70.02329,72.92576,73.52872,73.52847,70.48177,69.48411,69.97527,102.4,103.4,101.5,94.9,91.5,90.3,102.4,103.5,101.6,95,91.5,90.3,102.4,103.4,101.4,94.9,91.4,90.3
"2019-07-02 12:15:00",20,15.65178,15.78123,15.78477,15.108,14.89332,14.9788,15.65526,15.79581,15.78741,15.11539,14.91235,14.98841,15.65008,15.77238,15.78313,15.10115,14.88027,14.97276,72.95715,73.52055,73.53586,70.52436,69.53517,69.93097,72.97237,73.58364,73.54731,70.55817,69.62351,69.97533,72.94968,73.48223,73.52876,70.49306,69.47456,69.90311,102.4,103.4,101.7,95,91.5,90.4,102.5,103.5,101.7,95,91.5,90.4,102.4,103.4,101.6,95,91.5,90.4
"2019-07-02 12:16:00",21,15.64972,15.79082,15.78405,15.10634,14.86743,15.00121,15.65219,15.7922,15.78647,15.11694,14.89314,15.00869,15.64689,15.78829,15.78286,15.09387,14.83895,14.99718,72.9481,73.56207,73.53275,70.51679,69.41477,70.03431,72.95896,73.56802,73.54326,70.56522,69.53436,70.06879,72.93572,73.55112,73.52762,70.45979,69.28215,70.01575,102.5,103.5,101.8,95.1,91.6,90.4,102.5,103.5,101.9,95.1,91.6,90.4,102.5,103.5,101.7,95,91.5,90.4
"2019-07-02 12:17:00",22,15.65148,15.79219,15.78389,15.12376,14.87106,14.99216,15.65536,15.79753,15.78608,15.12979,14.88181,14.99673,15.64901,15.78526,15.78179,15.11766,14.86569,14.98518,72.9558,73.56798,73.53207,70.59634,69.43173,69.99259,72.97279,73.59106,73.54154,70.62388,69.4817,70.01369,72.945,73.53802,73.52299,70.5685,69.40672,69.96042,102.5,103.5,101.9,95.2,91.6,90.4,102.5,103.5,102,95.2,91.6,90.5,102.5,103.5,101.9,95.1,91.6,90.4
"2019-07-02 12:18:00",23,15.65803,15.79785,15.78307,15.13364,14.86857,14.97908,15.66077,15.80198,15.78458,15.1355,14.88502,14.98914,15.65541,15.79391,15.7809,15.12913,14.83971,14.96713,72.98447,73.59245,73.52852,70.64146,69.4201,69.93227,72.99644,73.61028,73.53504,70.6499,69.49663,69.97871,72.97304,73.57542,73.51911,70.62087,69.2857,69.87709,102.5,103.5,102.1,95.3,91.7,90.5,102.6,103.5,102.1,95.3,91.7,90.5,102.5,103.5,102,95.2,91.6,90.5
"2019-07-02 12:19:00",24,15.66726,15.8058,15.78253,15.12735,14.81911,14.98007,15.67236,15.81246,15.78408,15.13092,14.83483,14.98353,15.66287,15.79996,15.77977,15.12377,14.80539,14.97675,73.02485,73.62682,73.52619,70.61276,69.18956,69.93684,73.0471,73.65556,73.53288,70.62904,69.26291,69.95281,73.00565,73.60159,73.51425,70.5964,69.12543,69.92152,102.6,103.5,102.2,95.3,91.7,90.5,102.6,103.6,102.3,95.4,91.8,90.5,102.6,103.5,102.2,95.3,91.7,90.5
"2019-07-02 12:20:00",25,15.67516,15.81563,15.78517,15.12035,14.84667,14.97839,15.67866,15.81848,15.79032,15.12356,14.86555,14.98431,15.67236,15.81446,15.78229,15.11659,14.82504,14.96711,73.05933,73.66926,73.53763,70.58079,69.3181,69.92911,73.07464,73.68154,73.5599,70.59544,69.40607,69.95638,73.04711,73.66421,73.52513,70.56361,69.21722,69.87699,102.6,103.6,102.3,95.4,91.8,90.5,102.7,103.6,102.4,95.5,91.8,90.6,102.6,103.6,102.3,95.4,91.8,90.5
"2019-07-02 12:21:00",26,15.67558,15.80439,15.78559,15.12701,14.80793,14.97803,15.67872,15.81446,15.7865,15.13056,14.84533,14.99265,15.67348,15.79273,15.78378,15.12307,14.76423,14.96871,73.06118,73.62071,73.53944,70.6112,69.13719,69.92742,73.07491,73.66421,73.54335,70.62737,69.31189,69.99488,73.052,73.5703,73.53162,70.59323,68.93274,69.88441,102.7,103.6,102.5,95.5,91.8,90.6,102.7,103.6,102.5,95.5,91.8,90.6,102.7,103.5,102.4,95.4,91.8,90.6
"2019-07-02 12:22:00",27,15.68293,15.80966,15.78405,15.11333,14.83757,14.98739,15.68614,15.81688,15.78857,15.13055,14.8412,14.99583,15.67872,15.79979,15.78061,15.10169,14.8299,14.9811,73.09328,73.64349,73.53274,70.54873,69.27569,69.97062,73.10728,73.67464,73.55233,70.62735,69.29261,70.00953,73.07491,73.60082,73.51785,70.49555,69.2399,69.94158,102.7,103.6,102.6,95.5,91.9,90.6,102.7,103.7,102.6,95.6,91.9,90.6,102.7,103.6,102.5,95.5,91.8,90.6
"2019-07-02 12:23:00",28,15.68323,15.81829,15.78405,15.11492,14.82679,14.98091,15.6861,15.8233,15.78755,15.11981,14.83142,14.98862,15.68087,15.81137,15.78051,15.11063,14.82174,14.97187,73.0946,73.68075,73.53274,70.55599,69.22543,69.94071,73.10709,73.70235,73.54791,70.57833,69.24704,69.97629,73.08427,73.65086,73.51742,70.5364,69.20184,69.89899,102.8,103.6,102.7,95.6,92,90.6,102.8,103.7,102.7,95.6,92,90.6,102.7,103.6,102.6,95.6,91.9,90.6
"2019-07-02 12:24:00",29,15.69098,15.82134,15.78589,15.13291,14.83933,14.995,15.6955,15.82455,15.79075,15.14052,14.85722,15.00168,15.68715,15.81769,15.7814,15.12531,14.82248,14.97666,73.12836,73.69389,73.54072,70.63814,69.2839,70.0057,73.14809,73.70775,73.56176,70.67281,69.36729,70.03648,73.11168,73.67815,73.5213,70.60343,69.20527,69.9211,102.8,103.6,102.8,95.7,92,90.6,102.8,103.7,102.8,95.7,92.1,90.7,102.8,103.6,102.8,95.6,92,90.6
"2019-07-02 12:25:00",30,15.69636,15.82407,15.78936,15.14004,14.84036,15.0031,15.69758,15.82486,15.79114,15.14336,14.86138,15.00677,15.69438,15.82186,15.78785,15.13781,14.82164,14.99845,73.15185,73.70566,73.55576,70.67062,69.2887,70.04304,73.15718,73.70908,73.56345,70.68578,69.38667,70.05995,73.14323,73.69613,73.54922,70.66046,69.20136,70.02162,102.8,103.6,102.9,95.7,92.1,90.7,102.8,103.7,103,95.8,92.2,90.7,102.8,103.6,102.9,95.7,92.1,90.7
"2019-07-02 12:26:00",31,15.69862,15.82711,15.79359,15.1459,14.85896,14.99216,15.70071,15.83011,15.79638,15.15338,14.86577,14.99687,15.69758,15.82511,15.78924,15.14112,14.84896,14.98932,73.16173,73.71877,73.57403,70.69733,69.3754,69.99262,73.17083,73.73171,73.58611,70.73141,69.40711,70.01432,73.15718,73.71016,73.55521,70.67554,69.32879,69.97952,102.9,103.7,103,95.8,92.2,90.7,102.9,103.7,103.1,95.9,92.2,90.7,102.8,103.7,103,95.8,92.2,90.7
"2019-07-02 12:27:00",32,15.70547,15.83223,15.80304,15.15505,14.84934,14.9824,15.7085,15.83526,15.80687,15.1607,14.86321,14.99127,15.70175,15.82731,15.79806,15.15073,14.83599,14.9706,73.19156,73.74085,73.61486,70.73901,69.33057,69.94758,73.20475,73.75392,73.63142,70.76476,69.39516,69.98853,73.17533,73.71963,73.59336,70.71937,69.26832,69.89313,102.9,103.7,103.1,95.9,92.2,90.7,102.9,103.7,103.2,96,92.2,90.7,102.9,103.6,103.1,95.9,92.2,90.7
"2019-07-02 12:28:00",33,15.71043,15.82364,15.80987,15.15728,14.83179,14.97945,15.7152,15.82531,15.81282,15.16211,14.85042,14.98966,15.70527,15.82031,15.80662,15.15215,14.82138,14.97455,73.21316,73.70382,73.64437,70.74918,69.24871,69.934,73.23391,73.71101,73.65713,70.77116,69.33561,69.9811,73.19067,73.68945,73.63035,70.72581,69.20013,69.91137,103,103.7,103.2,96,92.3,90.8,103,103.7,103.2,96,92.3,90.8,103,103.7,103.2,96,92.2,90.7
"2019-07-02 12:29:00",34,15.71623,15.83013,15.81332,15.1534,14.81593,14.99623,15.71726,15.83508,15.81672,15.15582,14.83746,15.00587,15.71416,15.8267,15.80925,15.14769,14.79216,14.97932,73.2384,73.73181,73.65928,70.73152,69.17461,70.01138,73.24291,73.75314,73.67395,70.74252,69.27519,70.05579,73.22941,73.71703,73.64172,70.70549,69.06355,69.9334,103,103.8,103.3,96.1,92.4,90.8,103,103.8,103.3,96.2,92.4,90.8,103,103.7,103.2,96,92.3,90.8
"2019-07-02 12:30:00",35,15.71998,15.83827,15.82191,15.15851,14.7918,15.01271,15.72243,15.84343,15.82649,15.16256,14.80997,15.01682,15.71708,15.8343,15.81773,15.15625,14.77419,15.00932,73.25474,73.76687,73.69636,70.75478,69.06185,70.0873,73.2654,73.78911,73.71611,70.77323,69.14684,70.10622,73.2421,73.74978,73.67831,70.74451,68.97941,70.07166,103,103.8,103.4,96.2,92.5,90.8,103.1,103.8,103.4,96.3,92.5,90.8,103,103.8,103.3,96.2,92.4,90.7
"2019-07-02 12:31:00",36,15.71942,15.84627,15.82758,15.15933,14.80174,15.01124,15.72028,15.84757,15.83377,15.16162,14.81937,15.02145,15.71821,15.84443,15.82242,15.15715,14.77745,15.00416,73.25229,73.80134,73.72079,70.75851,69.10835,70.08051,73.25605,73.80694,73.74749,70.76893,69.19075,70.12752,73.24703,73.79339,73.69858,70.74858,68.99466,70.04791,103.1,103.8,103.4,96.3,92.5,90.8,103.1,103.8,103.4,96.3,92.6,90.8,103.1,103.8,103.4,96.3,92.5,90.8
"2019-07-02 12:32:00",37,15.72404,15.84659,15.82983,15.15718,14.83222,15.01246,15.72647,15.84878,15.83377,15.15978,14.83939,15.02302,15.72131,15.84481,15.82668,15.15352,14.82578,15.00323,73.27238,73.80271,73.73051,70.74871,69.25076,70.08614,73.28297,73.81213,73.74749,70.76054,69.28419,70.13471,73.26053,73.79502,73.71692,70.73206,69.2207,70.04366,103.1,103.8,103.5,96.4,92.6,90.9,103.1,103.8,103.6,96.5,92.7,90.9,103.1,103.8,103.4,96.4,92.6,90.8
"2019-07-02 12:33:00",38,15.72887,15.84241,15.83684,15.15365,14.80316,14.99862,15.73253,15.84696,15.83925,15.15705,14.8272,15.00716,15.72304,15.83844,15.83514,15.15069,14.77394,14.98941,73.2934,73.78469,73.76073,70.73267,69.115,70.02239,73.30932,73.8043,73.77111,70.74812,69.22735,70.06174,73.26806,73.76763,73.75341,70.71918,68.97824,69.97993,103.2,103.9,103.6,96.6,92.7,90.9,103.2,103.9,103.7,96.6,92.7,90.9,103.2,103.8,103.5,96.5,92.7,90.9
"2019-07-02 12:34:00",39,15.73818,15.83961,15.84818,15.14883,14.76827,15.00526,15.7428,15.84159,15.85221,15.15287,14.77707,15.01571,15.73356,15.83762,15.84213,15.14487,14.7576,14.996,73.33387,73.77262,73.80953,70.71069,68.95164,70.05299,73.35394,73.78118,73.82688,70.72909,68.99289,70.1011,73.31378,73.76405,73.78351,70.69264,68.90164,70.01031,103.2,103.9,103.6,96.6,92.8,91,103.2,103.9,103.7,96.7,92.8,91,103.2,103.9,103.6,96.6,92.7,90.9
"2019-07-02 12:35:00",40,15.74262,15.85029,15.85497,15.14929,14.76694,14.9864,15.74489,15.85685,15.86032,15.15284,14.77544,14.98969,15.74122,15.84358,15.84867,15.14743,14.76237,14.98367,73.35313,73.81863,73.83875,70.71278,68.94542,69.96604,73.36298,73.84686,73.86178,70.72897,68.9853,69.98123,73.34708,73.78974,73.81167,70.70432,68.92401,69.95348,103.2,103.9,103.7,96.8,92.9,91,103.3,103.9,103.7,96.8,92.9,91.1,103.2,103.9,103.7,96.7,92.8,91
"2019-07-02 12:36:00",41,15.74691,15.86025,15.86201,15.14724,14.7414,14.98739,15.74884,15.86401,15.86492,15.14998,14.76723,14.99427,15.74366,15.85685,15.85954,15.14503,14.71824,14.98195,73.37177,73.86147,73.86905,70.70344,68.82555,69.97061,73.38014,73.87765,73.88157,70.71594,68.9468,70.00234,73.35765,73.84686,73.85841,70.69341,68.7167,69.9455,103.3,103.9,103.8,96.9,92.9,91.1,103.3,103.9,103.8,96.9,93,91.1,103.3,103.9,103.7,96.8,92.9,91.1
"2019-07-02 12:37:00",42,15.74959,15.86167,15.86972,15.13083,14.72102,14.99155,15.7517,15.86339,15.87277,15.13927,14.74769,14.99572,15.74669,15.85962,15.86512,15.11951,14.70839,14.98787,73.38342,73.86758,73.90218,70.62864,68.72976,69.98978,73.39256,73.87497,73.91527,70.66713,68.85513,70.00903,73.37083,73.85877,73.88239,70.57697,68.67036,69.97282,103.4,103.9,103.8,97,93,91.1,103.4,104,103.9,97,93.1,91.1,103.3,103.9,103.8,96.9,93,91.1
"2019-07-02 12:38:00",43,15.75595,15.86755,15.8759,15.11248,14.69087,14.98889,15.75781,15.87281,15.87977,15.12045,14.71659,14.99808,15.75272,15.86394,15.87116,15.10693,14.65706,14.97037,73.41099,73.89288,73.92873,70.54482,68.58775,69.97752,73.41905,73.91546,73.94534,70.58124,68.70896,70.01992,73.397,73.87733,73.90837,70.51948,68.42825,69.89206,103.4,104,103.9,97.1,93.1,91.2,103.4,104,103.9,97.1,93.2,91.2,103.4,104,103.9,97,93.1,91.1
"2019-07-02 12:39:00",44,15.75927,15.87544,15.88204,15.10667,14.65534,14.97067,15.76188,15.87872,15.8844,15.11441,14.66331,14.98489,15.75743,15.87183,15.87929,15.10052,14.64374,14.96246,73.42542,73.92674,73.95506,70.51831,68.4201,69.89344,73.43673,73.94083,73.96521,70.55368,68.45779,69.95906,73.41743,73.91124,73.94329,70.49017,68.36526,69.85553,103.4,104,104,97.2,93.2,91.2,103.5,104,104,97.2,93.2,91.2,103.4,104,103.9,97.1,93.2,91.2
"2019-07-02 12:40:00",45,15.76384,15.87741,15.89283,15.09702,14.6522,14.98021,15.76875,15.87986,15.89769,15.11701,14.66742,14.98681,15.76063,15.87396,15.88637,15.07477,14.63917,14.97335,73.44524,73.93521,74.00137,70.47413,68.40527,69.93748,73.46651,73.94575,74.02223,70.56556,68.4772,69.96793,73.43131,73.92038,73.97364,70.37231,68.34368,69.90582,103.5,104,104,97.3,93.3,91.3,103.5,104,104.1,97.4,93.3,91.3,103.5,104,104,97.3,93.3,91.3
"2019-07-02 12:41:00",46,15.76994,15.88387,15.90483,15.08022,14.6682,14.97686,15.77122,15.88748,15.91058,15.08629,14.67936,14.99041,15.76875,15.87808,15.90028,15.07474,14.6537,14.96862,73.47166,73.96294,74.0528,70.3973,68.48086,69.92203,73.47722,73.97845,74.07744,70.42509,68.53353,69.98454,73.46651,73.93809,74.0333,70.37216,68.41239,69.88399,103.5,104,104.1,97.5,93.4,91.3,103.6,104,104.1,97.5,93.5,91.4,103.5,104,104.1,97.4,93.4,91.3
"2019-07-02 12:42:00",47,15.77523,15.88986,15.91685,15.07907,14.67591,14.98872,15.7786,15.89288,15.92248,15.08358,14.68982,14.9916,15.77152,15.887,15.90973,15.07443,14.6537,14.98559,73.49456,73.98862,74.10423,70.39201,68.51725,69.97675,73.50916,74.0016,74.12834,70.41266,68.58286,69.99002,73.47851,73.97637,74.07379,70.37077,68.41239,69.96233,103.6,104.1,104.2,97.6,93.5,91.5,103.6,104.1,104.2,97.6,93.6,91.5,103.6,104,104.2,97.5,93.5,91.4
"2019-07-02 12:43:00",48,15.7823,15.89484,15.92647,15.08257,14.69561,14.986,15.78596,15.89582,15.92786,15.08848,14.70357,14.99074,15.78062,15.8919,15.92345,15.07648,14.68807,14.98105,73.52518,74.00999,74.1454,70.40805,68.61015,69.96423,73.54102,74.01419,74.15135,70.4351,68.64765,69.98606,73.51791,73.99739,74.13248,70.38013,68.57461,69.94135,103.6,104.1,104.3,97.7,93.6,91.5,103.6,104.1,104.3,97.7,93.6,91.6,103.5,104.1,104.2,97.6,93.6,91.5
"2019-07-02 12:44:00",49,15.78451,15.89803,15.93545,15.08607,14.70539,14.98828,15.78736,15.89974,15.93798,15.09033,14.71119,14.99638,15.78132,15.89694,15.93078,15.08161,14.69459,14.98124,73.53474,74.02367,74.18377,70.42405,68.65624,69.97472,73.5471,74.03098,74.19458,70.44358,68.68356,70.01211,73.52096,74.01897,74.1638,70.40367,68.60535,69.94227,103.7,104.1,104.3,97.8,93.7,91.6,103.7,104.1,104.3,97.8,93.7,91.6,103.7,104.1,104.3,97.7,93.6,91.6
"2019-07-02 12:45:00",50,15.79071,15.9001,15.94281,15.08497,14.6903,14.98878,15.79166,15.90223,15.94545,15.08773,14.70741,14.99279,15.78938,15.89909,15.93905,15.07794,14.66818,14.98222,73.56157,74.03255,74.21519,70.41904,68.58508,69.97701,73.5657,74.04166,74.2265,70.43166,68.66573,69.99551,73.55583,74.02821,74.19913,70.38683,68.48077,69.94677,103.7,104.1,104.3,97.9,93.8,91.6,103.7,104.1,104.4,97.9,93.8,91.7,103.7,104.1,104.3,97.8,93.7,91.6
"2019-07-02 12:46:00",51,15.79296,15.90128,15.94738,15.08076,14.68195,14.99497,15.79555,15.90549,15.94953,15.08671,14.68921,15.00181,15.79003,15.89859,15.94478,15.07772,14.6742,14.98952,73.57131,74.03759,74.23473,70.39974,68.54576,70.00558,73.5825,74.05563,74.24391,70.427,68.58001,70.03711,73.55863,74.02604,74.22365,70.38583,68.50921,69.98045,103.8,104.2,104.4,98,93.9,91.7,103.8,104.2,104.4,98,93.9,91.7,103.7,104.1,104.4,97.9,93.8,91.7
"2019-07-02 12:47:00",52,15.79874,15.9058,15.95136,15.07917,14.68788,14.99424,15.80108,15.90792,15.95688,15.08116,14.69894,14.99903,15.79606,15.90401,15.94872,15.07585,14.67392,14.98352,73.59631,74.05695,74.2517,70.39247,68.57373,70.00221,73.60642,74.06601,74.27523,70.4016,68.62585,70.02428,73.58474,74.04929,74.24042,70.37725,68.5079,69.95274,103.8,104.2,104.4,98,94,91.7,103.8,104.2,104.4,98,94,91.8,103.8,104.2,104.4,98,93.9,91.7
"2019-07-02 12:48:00",53,15.80346,15.90742,15.95985,15.07899,14.68671,15.0059,15.80509,15.90986,15.96413,15.08242,14.69527,15.01384,15.80108,15.90401,15.95694,15.0747,14.67584,14.99885,73.6167,74.0639,74.28793,70.39166,68.56818,70.05592,73.62375,74.07433,74.30614,70.40735,68.60857,70.09251,73.60639,74.04927,74.2755,70.37199,68.51696,70.02342,103.8,104.2,104.4,98,94.1,91.8,103.8,104.2,104.5,98.1,94.1,91.8,103.8,104.2,104.4,98,94.1,91.8
"2019-07-02 12:49:00",54,15.80516,15.91008,15.95998,15.08318,14.70791,14.9995,15.8087,15.91096,15.96357,15.0862,14.71912,15.01384,15.80137,15.90889,15.95565,15.07868,14.69223,14.98027,73.62402,74.07529,74.28844,70.41085,68.6681,70.02643,73.63931,74.07906,74.30378,70.42466,68.72084,70.09251,73.60766,74.07018,74.27,70.39023,68.59427,69.93776,103.9,104.2,104.5,98.1,94.1,91.8,103.9,104.2,104.6,98.1,94.2,91.9,103.8,104.2,104.5,98.1,94.1,91.8
"2019-07-02 12:50:00",55,15.81103,15.91065,15.96621,15.08906,14.72454,15.02606,15.8127,15.91246,15.96864,15.0928,14.73316,15.05626,15.8077,15.90901,15.96362,15.08487,14.70923,14.9942,73.64939,74.07771,74.31499,70.43775,68.74634,70.14864,73.65659,74.08547,74.32538,70.45489,68.78689,70.28745,73.635,74.07072,74.30396,70.41859,68.6743,70.00201,103.9,104.3,104.6,98.1,94.2,91.9,103.9,104.3,104.6,98.1,94.3,91.9,103.9,104.2,104.6,98.1,94.2,91.9
"2019-07-02 12:51:00",56,15.81619,15.91376,15.96586,15.08787,14.73119,15.05922,15.81769,15.91408,15.96944,15.09009,14.736,15.06589,15.8147,15.91214,15.9628,15.08509,14.72807,15.05432,73.67168,74.09101,74.31353,70.43233,68.77764,70.30101,73.67814,74.09241,74.32877,70.44247,68.80022,70.33163,73.66521,74.08408,74.3005,70.41959,68.76294,70.27855,103.9,104.3,104.6,98.2,94.3,91.9,103.9,104.3,104.7,98.2,94.4,91.9,103.9,104.3,104.6,98.1,94.3,91.9
"2019-07-02 12:52:00",57,15.82101,15.91473,15.96767,15.08815,14.72385,15.04503,15.82268,15.91603,15.9707,15.0941,14.72931,15.04825,15.81968,15.91408,15.96472,15.08327,14.71913,15.04149,73.6925,74.09517,74.32124,70.43362,68.74309,70.2359,73.69968,74.10074,74.33413,70.46081,68.76877,70.25071,73.68674,74.09238,74.30866,70.41125,68.72092,70.21963,103.9,104.3,104.7,98.2,94.4,92,103.9,104.3,104.7,98.2,94.5,92,103.9,104.3,104.7,98.2,94.4,91.9
"2019-07-02 12:53:00",58,15.82634,15.91525,15.97297,15.10031,14.71311,15.03077,15.82866,15.917,15.97597,15.10245,14.71785,15.03541,15.82368,15.91322,15.96866,15.09674,14.70831,15.02807,73.71544,74.0974,74.34382,70.48923,68.69257,70.17039,73.72547,74.10489,74.35659,70.49901,68.7149,70.19168,73.70397,74.08873,74.32546,70.47287,68.66998,70.15795,103.9,104.3,104.7,98.2,94.5,92,103.9,104.3,104.8,98.3,94.6,92.1,103.9,104.3,104.6,98.2,94.5,92
"2019-07-02 12:54:00",59,15.83082,15.91676,15.97025,15.10161,14.70574,15.01862,15.83264,15.91785,15.97153,15.10393,14.71749,15.02864,15.82866,15.91472,15.96866,15.09886,14.69489,15.0124,73.73477,74.10386,74.33224,70.49519,68.65789,70.11451,73.74265,74.10851,74.33767,70.5058,68.71322,70.16056,73.72547,74.09515,74.32546,70.4826,68.60677,70.08587,103.9,104.3,104.8,98.3,94.6,92.1,103.9,104.3,104.8,98.4,94.6,92.1,103.9,104.3,104.7,98.3,94.6,92.1
"2019-07-02 12:55:00",60,15.83279,15.9106,15.97223,15.09797,14.7047,15.00981,15.83481,15.91882,15.97464,15.1008,14.71122,15.01785,15.83142,15.90444,15.96962,15.09449,14.69329,14.99201,73.74324,74.07752,74.34064,70.47851,68.653,70.07394,73.75197,74.1127,74.35092,70.49149,68.6837,70.11098,73.73735,74.05111,74.32955,70.46263,68.59925,69.99193,103.9,104.4,104.8,98.4,94.7,92.2,104,104.4,104.8,98.4,94.7,92.3,103.9,104.3,104.8,98.3,94.6,92.2
"2019-07-02 12:56:00",61,15.83414,15.91033,15.96899,15.09435,14.7176,14.98042,15.83557,15.91049,15.97135,15.09652,14.72707,14.98895,15.833,15.90952,15.9666,15.09284,14.71041,14.97292,73.74911,74.07634,74.32686,70.46195,68.71368,69.93846,73.75525,74.07703,74.33692,70.47189,68.75822,69.97781,73.74418,74.07289,74.31669,70.45505,68.67986,69.90382,104,104.4,104.9,98.4,94.7,92.3,104,104.4,104.9,98.5,94.8,92.3,103.9,104.4,104.8,98.4,94.7,92.3
"2019-07-02 12:57:00",62,15.83681,15.91033,15.97641,15.09225,14.72447,14.96148,15.83814,15.91146,15.98095,15.09484,14.72933,14.97138,15.83516,15.90952,15.97162,15.0893,14.72106,14.95065,73.7606,74.07635,74.35844,70.45236,68.74601,69.85096,73.7663,74.0812,74.3778,70.4642,68.76888,69.8967,73.75348,74.07289,74.33806,70.43884,68.73002,69.80091,104,104.4,104.9,98.5,94.8,92.4,104,104.4,104.9,98.6,94.9,92.4,104,104.4,104.8,98.5,94.8,92.3
"2019-07-02 12:58:00",63,15.84095,15.91173,15.97612,15.091,14.71574,14.95214,15.8431,15.91459,15.9781,15.09377,14.72221,14.95618,15.83814,15.90962,15.97429,15.08694,14.70861,14.94785,73.77843,74.08234,74.35722,70.44662,68.70498,69.80781,73.78769,74.09457,74.36566,70.45933,68.7354,69.8265,73.7663,74.0733,74.34941,70.42807,68.67141,69.78799,104,104.4,105,98.6,94.9,92.4,104,104.4,105,98.6,94.9,92.5,104,104.4,104.9,98.6,94.9,92.4
"2019-07-02 12:59:00",64,15.8469,15.91097,15.98079,15.09082,14.72168,14.94919,15.84905,15.91178,15.98362,15.09339,14.7249,14.95339,15.84509,15.9108,15.97835,15.08786,14.71233,14.94626,73.80405,74.07907,74.3771,70.44581,68.73289,69.79416,73.81329,74.08254,74.38914,70.45756,68.74802,69.81358,73.79623,74.07838,74.36671,70.43229,68.68893,69.78061,104,104.4,105,98.7,95,92.5,104,104.4,105,98.7,95.1,92.5,104,104.4,105,98.6,95,92.5
"2019-07-02 13:00:00",65,15.85003,15.91083,15.97588,15.08813,14.73206,14.94358,15.8522,15.91415,15.97885,15.09168,14.74684,14.94868,15.84806,15.90765,15.97432,15.08256,14.7166,14.93675,73.81751,74.07848,74.3562,70.43349,68.78168,69.76821,73.82686,74.09272,74.36885,70.44974,68.85114,69.79183,73.80903,74.06486,74.34955,70.40799,68.70898,69.7366,104,104.5,105,98.8,95.1,92.6,104,104.5,105.1,98.8,95.2,92.6,104,104.4,105,98.7,95.1,92.6
"2019-07-02 13:01:00",66,15.849,15.91024,15.97608,15.08354,14.74448,14.95876,15.85091,15.91072,15.9779,15.08838,14.75034,14.95998,15.8475,15.90975,15.97426,15.07817,14.73533,14.95562,73.81306,74.07594,74.35705,70.41251,68.84005,69.83844,73.82129,74.07802,74.3648,70.43467,68.86758,69.84406,73.8066,74.07388,74.3493,70.38787,68.79708,69.82391,104.1,104.5,105.1,98.9,95.2,92.6,104.1,104.5,105.1,98.9,95.2,92.7,104,104.5,105.1,98.8,95.2,92.6
"2019-07-02 13:02:00",67,15.85162,15.91266,15.97052,15.07743,14.74122,14.96753,15.85343,15.91364,15.97313,15.08296,14.7467,14.97557,15.85047,15.91169,15.96741,15.07122,14.73627,14.96361,73.82433,74.08633,74.33334,70.38451,68.82475,69.87894,73.83215,74.09048,74.34448,70.4098,68.85051,69.91606,73.8194,74.08219,74.32014,70.35603,68.80148,69.86085,104.1,104.5,105.1,99,95.3,92.7,104.1,104.5,105.2,99,95.4,92.7,104.1,104.5,105.1,98.9,95.2,92.7
"2019-07-02 13:03:00",68,15.85471,15.91296,15.9668,15.0707,14.74864,14.95648,15.8564,15.91461,15.96913,15.07471,14.75389,14.9728,15.85317,15.91179,15.96506,15.06687,14.73389,14.94171,73.83765,74.08762,74.31754,70.35368,68.85958,69.82784,73.84492,74.09468,74.32744,70.37206,68.88419,69.90328,73.83102,74.08259,74.3101,70.33612,68.79033,69.75956,104.1,104.5,105.2,99.1,95.3,92.8,104.1,104.5,105.2,99.1,95.4,92.8,104.1,104.5,105.2,99,95.3,92.7
"2019-07-02 13:04:00",69,15.85183,15.91368,15.96629,15.06582,14.73535,14.92756,15.8539,15.91611,15.97034,15.07166,14.73941,14.93791,15.84994,15.91201,15.96392,15.06059,14.72957,14.92043,73.82525,74.09068,74.31535,70.33131,68.79716,69.69404,73.83417,74.10107,74.33262,70.35808,68.81626,69.74198,73.81715,74.08354,74.30523,70.30729,68.77001,69.661,104.2,104.5,105.2,99.2,95.4,92.8,104.2,104.5,105.2,99.2,95.5,92.8,104.2,104.5,105.2,99.1,95.4,92.7
"2019-07-02 13:05:00",70,15.85604,15.91314,15.96125,15.05792,14.72321,14.90235,15.85785,15.91523,15.96344,15.06439,14.73421,14.9259,15.8539,15.91078,15.95937,15.05121,14.71041,14.88746,73.84335,74.08839,74.29385,70.29507,68.74007,69.57708,73.85114,74.09734,74.30321,70.32476,68.79183,69.68637,73.83417,74.07826,74.28587,70.26428,68.67986,69.50797,104.2,104.6,105.3,99.2,95.5,92.9,104.2,104.6,105.3,99.3,95.6,92.9,104.2,104.5,105.3,99.2,95.5,92.8
"2019-07-02 13:06:00",71,15.8558,15.9152,15.96575,15.04674,14.70177,14.87848,15.85981,15.91586,15.96656,15.05252,14.71662,14.88517,15.8526,15.91487,15.96463,15.03902,14.68493,14.87579,73.84233,74.09718,74.31304,70.24376,68.63919,69.46623,73.8596,74.1,74.31649,70.27026,68.70908,69.49732,73.82858,74.09578,74.30827,70.20827,68.55982,69.45373,104.2,104.6,105.3,99.3,95.6,92.9,104.3,104.6,105.3,99.4,95.7,93,104.2,104.6,105.3,99.3,95.6,92.9
"2019-07-02 13:07:00",72,15.85548,15.91698,15.96684,15.03913,14.6683,14.86554,15.85728,15.91779,15.96823,15.0414,14.68806,14.86921,15.85433,15.91488,15.96361,15.03341,14.63724,14.85938,73.84095,74.1048,74.3177,70.20879,68.4813,69.40602,73.84872,74.10826,74.3236,70.21922,68.57455,69.42313,73.83602,74.09583,74.30396,70.18249,68.3345,69.37737,104.3,104.6,105.4,99.5,95.7,93,104.3,104.6,105.4,99.5,95.8,93,104.3,104.6,105.3,99.4,95.7,93
"2019-07-02 13:08:00",73,15.85649,15.91536,15.96465,15.03878,14.64645,14.86661,15.85926,15.91682,15.96917,15.04198,14.66981,14.87045,15.85277,15.91333,15.96174,15.03329,14.6309,14.8642,73.84528,74.09786,74.30838,70.20719,68.37804,69.41103,73.8572,74.10413,74.32763,70.22188,68.48846,69.42889,73.82931,74.08917,74.29596,70.18195,68.30453,69.3998,104.3,104.6,105.4,99.6,95.8,93.1,104.4,104.7,105.5,99.6,95.8,93.1,104.3,104.6,105.3,99.5,95.8,93
"2019-07-02 13:09:00",74,15.85523,15.91337,15.9604,15.03516,14.67861,14.86018,15.8567,15.91482,15.96134,15.0426,14.68525,14.86993,15.85375,15.91265,15.95846,15.03039,14.66301,14.85364,73.83988,74.08935,74.29025,70.19054,68.52999,69.38107,73.84622,74.09557,74.29425,70.22473,68.56131,69.42645,73.83353,74.0863,74.28196,70.16864,68.45636,69.35062,104.4,104.7,105.4,99.7,95.9,93.2,104.4,104.7,105.5,99.7,95.9,93.2,104.4,104.7,105.4,99.6,95.8,93.1
"2019-07-02 13:10:00",75,15.85586,15.90479,15.95711,15.02806,14.66065,14.8546,15.85867,15.90932,15.95873,15.03133,14.66715,14.86033,15.85292,15.89962,15.9558,15.02536,14.65203,14.84944,73.84261,74.05264,74.27622,70.15793,68.4452,69.35506,73.8547,74.07201,74.28314,70.17296,68.47591,69.38179,73.82997,74.03048,74.27065,70.14549,68.40452,69.33104,104.4,104.7,105.5,99.8,96,93.3,104.4,104.7,105.5,99.8,96,93.3,104.4,104.7,105.4,99.7,95.9,93.2
"2019-07-02 13:11:00",76,15.85376,15.9127,15.95545,15.02517,14.66068,14.87027,15.85512,15.91415,15.95769,15.03234,14.66503,14.87364,15.85184,15.91028,15.95385,15.01755,14.65683,14.86588,73.83355,74.08649,74.26913,70.1446,68.44534,69.42806,73.83943,74.0927,74.27869,70.1776,68.46587,69.44373,73.82529,74.07615,74.26232,70.10957,68.42716,69.40763,104.5,104.7,105.6,99.9,96.1,93.4,104.5,104.7,105.6,100,96.2,93.4,104.5,104.7,105.5,99.8,96.1,93.3
"2019-07-02 13:12:00",77,15.85323,15.91191,15.955,15.01689,14.6435,14.87249,15.85611,15.91348,15.95681,15.02175,14.66133,14.88096,15.84983,15.91021,15.95291,15.01468,14.62677,14.86617,73.83129,74.08311,74.26722,70.10654,68.36411,69.43839,73.84365,74.08987,74.27493,70.12889,68.44843,69.47776,73.81666,74.07584,74.25829,70.09637,68.28499,69.40895,104.5,104.7,105.6,100.1,96.2,93.5,104.6,104.8,105.6,100.1,96.3,93.5,104.5,104.7,105.5,100,96.2,93.4
"2019-07-02 13:13:00",78,15.85139,15.91157,15.9531,15.02092,14.64952,14.89294,15.85352,15.91334,15.95681,15.02259,14.66478,14.90662,15.84959,15.9105,15.94906,15.02001,14.64203,14.88643,73.82337,74.08166,74.25914,70.12509,68.3926,69.53344,73.83251,74.08923,74.27493,70.13277,68.46474,69.59693,73.81563,74.07708,74.24191,70.12087,68.35717,69.50319,104.6,104.8,105.6,100.2,96.3,93.6,104.6,104.8,105.7,100.2,96.4,93.6,104.6,104.8,105.6,100.1,96.3,93.5
"2019-07-02 13:14:00",79,15.85305,15.91243,15.94989,15.01687,14.65812,14.93165,15.85548,15.9134,15.95152,15.02084,14.66788,14.93519,15.85058,15.91147,15.94834,15.01292,14.64554,14.92287,73.8305,74.08536,74.24545,70.10641,68.43325,69.71297,73.84095,74.08949,74.2524,70.12473,68.47936,69.72938,73.81987,74.08123,74.23881,70.08822,68.37377,69.67231,104.6,104.8,105.7,100.3,96.4,93.6,104.6,104.8,105.7,100.4,96.5,93.7,104.6,104.8,105.6,100.3,96.4,93.6
"2019-07-02 13:15:00",80,15.85165,15.9136,15.94691,15.01599,14.64568,14.92862,15.85484,15.9146,15.95014,15.01717,14.64958,14.95554,15.8494,15.9134,15.94294,15.01428,14.63779,14.91831,73.82447,74.09034,74.2327,70.10236,68.37447,69.69892,73.83819,74.09463,74.24648,70.10781,68.39286,69.82352,73.8148,74.08949,74.21577,70.09451,68.33716,69.65117,104.7,104.8,105.7,100.4,96.5,93.7,104.7,104.8,105.8,100.5,96.6,93.7,104.7,104.8,105.7,100.4,96.4,93.7
"2019-07-02 13:16:00",81,15.85663,15.90956,15.93776,15.01285,14.64214,14.98629,15.86027,15.91036,15.94105,15.01556,14.65048,15.0007,15.85451,15.90819,15.93429,15.01019,14.62345,14.96454,73.84591,74.07304,74.19363,70.08796,68.35769,69.96552,73.86157,74.07647,74.20772,70.10041,68.39716,70.03201,73.83678,74.06718,74.17883,70.07567,68.26924,69.86514,104.7,104.9,105.8,100.6,96.6,93.8,104.7,104.9,105.8,100.6,96.7,93.8,104.6,104.8,105.8,100.5,96.6,93.7
"2019-07-02 13:17:00",82,15.85973,15.90914,15.92989,15.01468,14.61051,14.99104,15.86234,15.91065,15.93442,15.01678,14.61565,14.99814,15.85647,15.90752,15.92204,15.01208,14.60632,14.98776,73.85925,74.07124,74.16003,70.09634,68.20791,69.98743,73.87048,74.07771,74.1794,70.10604,68.23228,70.02016,73.84521,74.06432,74.12644,70.08442,68.18804,69.97233,104.6,104.9,105.8,100.7,96.8,93.8,104.6,104.9,105.9,100.8,96.8,93.9,104.6,104.9,105.8,100.7,96.7,93.8
"2019-07-02 13:18:00",83,15.86788,15.90989,15.91999,15.01466,14.60738,15.00161,15.87374,15.9107,15.92372,15.0184,14.60973,15.0111,15.86311,15.90877,15.91819,15.01044,14.60505,14.99005,73.89426,74.07448,74.11769,70.09626,68.19306,70.03616,73.91945,74.07792,74.13362,70.11346,68.20422,70.07989,73.87375,74.06966,74.10999,70.07683,68.182,69.98289,104.5,104.9,105.9,100.8,96.9,93.9,104.6,104.9,105.9,100.9,96.9,94,104.5,104.9,105.9,100.8,96.8,93.9
"2019-07-02 13:19:00",84,15.8774,15.90793,15.92281,15.00108,14.59588,15.01627,15.88221,15.90973,15.92459,15.0077,14.59818,15.02028,15.87179,15.90617,15.92065,14.99438,14.59282,15.01331,73.93514,74.06605,74.12974,70.03371,68.13851,70.10366,73.9558,74.07379,74.13737,70.06423,68.14943,70.12215,73.91107,74.0585,74.12052,70.00282,68.12398,70.09003,104.4,104.9,106,100.9,97,94,104.5,105,106,101,97.1,94,104.4,104.9,105.9,100.9,97,93.9
"2019-07-02 13:20:00",85,15.88886,15.90552,15.92276,14.99561,14.59539,15.02031,15.89359,15.90697,15.92458,14.99804,14.60221,15.027,15.88319,15.9036,15.91868,14.99262,14.58909,15.01202,73.98434,74.05576,74.12954,70.00852,68.13619,70.12225,74.00462,74.06196,74.13731,70.0197,68.16856,70.15305,73.96001,74.04754,74.11208,69.99472,68.10628,70.08409,104.3,105,106,101,97.1,94.1,104.4,105,106.1,101.1,97.2,94.1,104.3,105,106,101,97.1,94.1
"2019-07-02 13:21:00",86,15.90352,15.90085,15.92438,14.99654,14.57263,15.02025,15.90943,15.90316,15.92553,14.99834,14.58215,15.02633,15.89943,15.89834,15.91963,14.99542,14.56073,15.01204,74.0472,74.03574,74.13644,70.01283,68.0281,70.12199,74.0725,74.04565,74.14136,70.02112,68.07333,70.14999,74.02968,74.02496,74.11614,70.00763,67.97151,70.08421,104.2,105,106,101.1,97.2,94.2,104.2,105,106.1,101.1,97.4,94.2,104.1,105,106,101.1,97.2,94.1
"2019-07-02 13:22:00",87,15.91591,15.89876,15.92108,14.99018,14.57457,15.02618,15.92206,15.89924,15.92223,14.99396,14.57836,15.02957,15.91041,15.89731,15.91984,14.98724,14.56744,15.02408,74.10022,74.02679,74.12237,69.98349,68.0373,70.14928,74.12654,74.02885,74.12726,70.0009,68.05533,70.16486,74.07668,74.02058,74.11704,69.96994,68.00341,70.13959,104,105,106.1,101.2,97.4,94.3,104.1,105,106.1,101.3,97.4,94.3,103.9,105,106.1,101.2,97.3,94.2
"2019-07-02 13:23:00",88,15.9308,15.9007,15.92268,14.98983,14.57154,15.03101,15.93414,15.90119,15.92442,14.99316,14.57925,15.03574,15.92431,15.89924,15.92149,14.98683,14.563,15.02515,74.16391,74.03509,74.1292,69.98185,68.02289,70.17149,74.17818,74.03719,74.13664,69.99721,68.05952,70.19324,74.13614,74.02885,74.12413,69.96803,67.98232,70.14452,103.8,105,106.1,101.3,97.5,94.3,103.9,105,106.2,101.3,97.5,94.4,103.8,105,106.1,101.2,97.4,94.3
"2019-07-02 13:24:00",89,15.94626,15.90184,15.91552,14.9861,14.55507,15.02644,15.95591,15.90312,15.92077,14.989,14.56144,15.03502,15.94014,15.90027,15.91322,14.98266,14.54574,15.02083,74.22993,74.03997,74.09856,69.96465,67.94454,70.15044,74.27113,74.04545,74.12101,69.97803,67.97488,70.18993,74.2038,74.03323,74.08871,69.94878,67.90012,70.12466,103.6,105,106.3,101.3,97.6,94.4,103.7,105.1,106.3,101.4,97.7,94.5,103.5,105,106.2,101.3,97.5,94.4
"2019-07-02 13:25:00",90,15.96224,15.90014,15.91555,14.98654,14.54121,15.02498,15.97069,15.90341,15.91696,14.98881,14.55694,15.02768,15.95591,15.89742,15.91329,14.9837,14.52187,15.0216,74.29809,74.03269,74.09869,69.96671,67.87852,70.14374,74.33407,74.04671,74.10474,69.97718,67.95345,70.15619,74.27113,74.02102,74.089,69.95361,67.78636,70.1282,103.4,105.1,106.3,101.3,97.7,94.6,103.5,105.1,106.3,101.4,97.8,94.7,103.3,105,106.2,101.3,97.7,94.5
"2019-07-02 13:26:00",91,15.97793,15.90123,15.90808,14.99006,14.52301,15.01686,15.98346,15.90316,15.90897,14.99243,14.52815,15.02103,15.97166,15.89959,15.90647,14.98735,14.51493,15.01191,74.36492,74.03735,74.06672,69.98293,67.79182,70.10638,74.38844,74.04566,74.07052,69.99389,67.8163,70.12558,74.33823,74.03036,74.05979,69.97044,67.75321,70.08363,103.2,105.1,106.4,101.4,97.8,94.7,103.3,105.1,106.4,101.4,97.9,94.7,103.1,105.1,106.4,101.3,97.8,94.6
"2019-07-02 13:27:00",92,15.99362,15.9017,15.90809,14.98996,14.51153,15.01865,16.00132,15.90506,15.91022,14.99205,14.5174,15.0207,15.98619,15.89735,15.90265,14.98719,14.50706,15.01694,74.43165,74.03938,74.06676,69.98248,67.73701,70.11461,74.46438,74.05379,74.07587,69.99209,67.76501,70.12407,74.40009,74.02074,74.04344,69.96967,67.71567,70.10675,102.9,105,106.4,101.4,97.9,94.8,103,105.1,106.5,101.5,98,94.8,102.8,105,106.3,101.3,97.9,94.7
"2019-07-02 13:28:00",93,16.0105,15.89702,15.90584,14.98695,14.50587,15.01677,16.02011,15.90024,15.90853,14.9891,14.5167,15.02153,16.00532,15.89542,15.90265,14.98274,14.49788,15.01116,74.50333,74.01935,74.05711,69.96857,67.70998,70.106,74.54411,74.03312,74.06863,69.97852,67.76167,70.12785,74.48137,74.01246,74.04344,69.94917,67.6718,70.08015,102.7,105,106.4,101.5,98.1,94.9,102.8,105,106.5,101.5,98.1,94.9,102.6,105,106.4,101.4,98.1,94.9
"2019-07-02 13:29:00",94,16.0267,15.89971,15.90119,14.99454,14.52072,15.01623,16.03465,15.90116,15.90416,14.99837,14.53231,15.02325,16.01908,15.89923,15.89657,14.99119,14.50813,15.01294,74.57207,74.03086,74.03721,70.00358,67.78086,70.1035,74.60575,74.03706,74.04992,70.02125,67.83613,70.13579,74.53977,74.02879,74.01742,69.98814,67.72076,70.08836,102.5,105,106.5,101.5,98.2,95,102.6,105,106.5,101.6,98.2,95,102.4,105,106.4,101.5,98.1,95
"2019-07-02 13:30:00",95,16.04305,15.89989,15.89716,14.9984,14.53265,15.02056,16.04921,15.90087,15.89877,15.00258,14.53771,15.02396,16.0327,15.89826,15.89582,14.9931,14.5292,15.01788,74.6413,74.03162,74.01992,70.02139,67.83779,70.12343,74.66734,74.03585,74.02681,70.04064,67.86191,70.13908,74.59747,74.02464,74.01418,69.99696,67.82133,70.11108,102.3,105,106.6,101.6,98.3,95.1,102.4,105,106.6,101.7,98.3,95.2,102.2,105,106.5,101.6,98.2,95
"2019-07-02 13:31:00",96,16.05987,15.90212,15.89336,14.99987,14.52211,15.02956,16.06804,15.90485,15.8949,15.00173,14.52769,15.03122,16.05453,15.89992,15.89182,14.9971,14.51371,15.02628,74.71243,74.04119,74.00366,70.02814,67.78752,70.16481,74.74699,74.05288,74.01023,70.03672,67.81413,70.17245,74.68982,74.03176,73.99702,70.01539,67.7474,70.14975,102,105,106.6,101.7,98.4,95.2,102.1,105,106.6,101.8,98.4,95.3,101.9,104.9,106.6,101.7,98.3,95.2
"2019-07-02 13:32:00",97,16.07749,15.90773,15.88912,14.99788,14.5175,15.03326,16.08349,15.90958,15.89137,14.99979,14.52456,15.03603,16.06804,15.90678,15.88838,14.99621,14.50827,15.03024,74.78684,74.06522,73.98547,70.019,67.76553,70.18182,74.81216,74.07316,73.99511,70.02776,67.79922,70.19454,74.74699,74.06114,73.98228,70.01128,67.72146,70.16792,101.8,104.9,106.6,101.8,98.5,95.3,101.9,104.9,106.7,101.9,98.6,95.3,101.7,104.9,106.6,101.8,98.4,95.3
"2019-07-02 13:33:00",98,16.09433,15.91146,15.88484,14.9937,14.51347,15.03444,16.1041,15.91456,15.88775,14.99655,14.51982,15.03668,16.0887,15.90935,15.88215,14.9921,14.50569,15.03242,74.85783,74.08118,73.96711,69.99969,67.74625,70.18723,74.89896,74.09447,73.97957,70.01286,67.77659,70.19753,74.83414,74.07216,73.95555,69.99234,67.7091,70.17799,101.5,104.9,106.7,101.9,98.6,95.4,101.6,104.9,106.7,102,98.7,95.5,101.4,104.8,106.6,101.9,98.6,95.3
"2019-07-02 13:34:00",99,16.10943,15.91605,15.87876,14.98777,14.50016,15.03407,16.11457,15.91717,15.88215,14.99061,14.50892,15.03813,16.1041,15.91524,15.87361,14.98513,14.49113,15.03049,74.9214,74.10084,73.941,69.97235,67.68272,70.18555,74.94304,74.10561,73.95555,69.9855,67.72458,70.20423,74.89896,74.09737,73.91888,69.96017,67.63954,70.16909,101.3,104.8,106.8,102,98.7,95.5,101.4,104.8,106.8,102,98.8,95.6,101.2,104.8,106.7,102,98.7,95.5
